datmat5=[    0    0.000               0               0               0               0;
     1    0.009               0              70               0               0;
     2    0.018               0             263               0               0;
     3    0.027              -2             560              -3              -2;
     4    0.035              -3             940              -4              -3;
     5    0.044              -3            1368              -4              -3;
     6    0.053              -3            1808              -4              -3;
     7    0.062              -3            2163              -4              -3;
     8    0.071              -1            2401              -4              -1;
     9    0.080               1            2530              -3               1;
    10    0.089               1            2556              -3               1;
    11    0.097               1            2489              -3               1;
    12    0.106               1            2340              -3               1;
    13    0.115              -0            2118              -4              -0;
    14    0.124              -0            1840              -4              -0;
    15    0.133              -0            1518              -4              -0;
    16    0.142              -0            1169              -4              -0;
    17    0.151              -0             815              -4              -0;
    18    0.159              -0             471              -4              -0;
    19    0.168              -0             147              -4              -0;
    20    0.177              -0            -146              -4              -0;
    21    0.186              -0            -403              -4              -0;
    22    0.195              -0            -619              -4              -0;
    23    0.204              -0            -793              -4              -0;
    24    0.213              -0            -921              -4              -0;
    25    0.221              -0           -1003              -4              -0;
    26    0.230              -0           -1039              -4              -0;
    27    0.239              -0           -1033              -4              -0;
    28    0.248              -0            -986              -4              -0;
    29    0.257              -0            -909              -4              -0;
    30    0.266              -0            -805              -4              -0;
    31    0.274              -0            -680              -4              -0;
    32    0.283              -0            -542              -4              -0;
    33    0.292              -0            -394              -4              -0;
    34    0.301              -0            -242              -4              -0;
    35    0.310              -0             -93              -4              -0;
    36    0.319              -0              48              -4              -0;
    37    0.328              -0             176              -4              -0;
    38    0.336              -0             286              -4              -0;
    39    0.345              -0             377              -4              -0;
    40    0.354              -0             445              -4              -0;
    41    0.363              -0             490              -4              -0;
    42    0.372              -0             511              -4              -0;
    43    0.381              -0             510              -4              -0;
    44    0.390              -0             486              -4              -0;
    45    0.398              -0             447              -4              -0;
    46    0.407              -0             396              -4              -0;
    47    0.416              -0             336              -4              -0;
    48    0.425              -0             269              -4              -0;
    49    0.434              -0             199              -4              -0;
    50    0.443              -0             129              -4              -0;
    51    0.452              -0              61              -4              -0;
    52    0.460              -0              -2              -4              -0;
    53    0.469              -0             -58              -4              -0;
    54    0.478              -0            -105              -4              -0;
    55    0.487              -0            -142              -4              -0;
    56    0.496              -0            -167              -4              -0;
    57    0.505              -0            -181              -4              -0;
    58    0.514              -0            -183              -4              -0;
    59    0.522              -0            -176              -4              -0;
    60    0.531              -0            -160              -4              -0;
    61    0.540              -0            -139              -4              -0;
    62    0.549              -0            -117              -4              -0;
    63    0.558              -0             -93              -4              -0;
    64    0.567              -0             -68              -4              -0;
    65    0.576              -0             -45              -4              -0;
    66    0.584              -0             -24              -4              -0;
    67    0.593              -0              -7              -4              -0;
    68    0.602              -0               8              -4              -0;
    69    0.611              -0              17              -4              -0;
    70    0.620              -0              22              -4              -0;
    71    0.629              -0              24              -4              -0;
    72    0.638              -0              22              -4              -0;
    73    0.646              -0              16              -4              -0;
    74    0.655              -0               9              -4              -0;
    75    0.664              -0               1              -4              -0;
    76    0.673              -0              -6              -4              -0;
    77    0.682              -0             -10              -4              -0;
    78    0.691              -0             -10              -4              -0;
    79    0.699              -0             -10              -4              -0;
    80    0.708              -0              -7              -4              -0;
    81    0.717              -0              -6              -4              -0;
    82    0.726              -0              -5              -4              -0;
    83    0.735              -0              -4              -4              -0;
    84    0.744              -0              -4              -4              -0;
    85    0.753              -0              -4              -4              -0;
    86    0.761              -0              -4              -4              -0;
    87    0.770              -0              -4              -4              -0;
    88    0.779              -0              -4              -4              -0;
    89    0.788              -0              -4              -4              -0;
    90    0.797              -0              -4              -4              -0;
    91    0.806              -0              -4              -4              -0;
    92    0.815              -0              -4              -4              -0;
    93    0.823              -0              -4              -4              -0;
    94    0.832              -0              -4              -4              -0;
    95    0.841              -0              -4              -4              -0;
    96    0.850              -0              -4              -4              -0;
    97    0.859              -0              -4              -4              -0;
