datmat2=[    0    0.000               0               0               0               0;
     1    0.009               0               0               0               0;
     2    0.018               0               0               0               0;
     3    0.027               0               0               0               0;
     4    0.035               0               0               0               0;
     5    0.044               0               0               0               0;
     6    0.053               0               0               0               0;
     7    0.062               0               0               0               0;
     8    0.071               0               0               0               0;
     9    0.080               0               0               0               0;
    10    0.089               0               0               0               0;
    11    0.097               0               0               0               0;
    12    0.106               0               0               0               0;
    13    0.115               0               0               0               0;
    14    0.124               1               0               0               0;
    15    0.133               1               0               0               0;
    16    0.142               1               0               0               0;
    17    0.151               1               0               0               0;
    18    0.159               1               2               0               0;
    19    0.168               2               2               0               0;
    20    0.177               2               3               0               0;
    21    0.186               2               4               0               0;
    22    0.195               2               6               0               0;
    23    0.204               3               7               0               0;
    24    0.213               3              10               0               0;
    25    0.221               3              13               0               0;
    26    0.230               4              17               0               0;
    27    0.239               4              22               0               0;
    28    0.248               5              29               0               0;
    29    0.257               5              38               0               0;
    30    0.266               6              49               0               0;
    31    0.274               7              63               0               0;
    32    0.283               7              79               0               0;
    33    0.292               8              98               0               0;
    34    0.301               9             119               0               0;
    35    0.310               9             142               0               0;
    36    0.319              10             167               0               0;
    37    0.328              11             195               0               0;
    38    0.336              12             223               0               0;
    39    0.345              12             254               0               0;
    40    0.354              13             286               0               0;
    41    0.363              14             319               0               0;
    42    0.372              15             353               0               0;
    43    0.381              15             387               0               0;
    44    0.390              16             422               0               0;
    45    0.398              17             455               0               0;
    46    0.407              17             489               0               0;
    47    0.416              18             521               0               0;
    48    0.425              19             552               0               0;
    49    0.434              19             581               0               0;
    50    0.443              19             609               0               0;
    51    0.452              20             634               0               0;
    52    0.460              20             656               0               0;
    53    0.469              20             676               0               0;
    54    0.478              20             692               0               0;
    55    0.487              20             704               0               0;
    56    0.496              20             712               0               0;
    57    0.505              20             717               0               0;
    58    0.514              20             717               0               0;
    59    0.522              20             716               0               0;
    60    0.531              19             709               0               0;
    61    0.540              18             702               0               0;
    62    0.549              18             694               0               0;
    63    0.558              17             687               0               0;
    64    0.567              16             680               0               0;
    65    0.576              15             672               0               0;
    66    0.584              13             662               0               0;
    67    0.593              12             649               0               0;
    68    0.602              11             633               0               0;
    69    0.611               9             613               0               0;
    70    0.620               7             587               0               0;
    71    0.629               6             554               0               0;
    72    0.638               4             515               0               0;
    73    0.646               2             469               0               0;
    74    0.655               1             415               0               0;
    75    0.664              -1             354               0               0;
    76    0.673              -3             286               0               0;
    77    0.682              -4             215               0               0;
    78    0.691              -6             141               0               0;
    79    0.699              -8              67               0               0;
    80    0.708              -9              -8               0               0;
    81    0.717             -11             -81               0               0;
    82    0.726             -12            -152               0               0;
    83    0.735             -14            -221               0               0;
    84    0.744             -15            -287               0               0;
    85    0.753             -16            -349               0               0;
    86    0.761             -17            -407               0               0;
    87    0.770             -18            -461               0               0;
    88    0.779             -19            -511               0               0;
    89    0.788             -20            -556               0               0;
    90    0.797             -20            -597               0               0;
    91    0.806             -20            -632               0               0;
    92    0.815             -21            -661               0               0;
    93    0.823             -20            -684               0               0;
    94    0.832             -20            -699               0               0;
    95    0.841             -20            -708               0               0;
    96    0.850             -19            -710               0               0;
    97    0.859             -18            -705               0               0;
