datmat=[    0    0.000               0               0               0               0;
     1    0.009               0              52               0               0;
     2    0.018               0             197               0               0;
     3    0.027              -1             420              -1              -1;
     4    0.035              -1             710              -1              -1;
     5    0.044              -1            1041              -1              -1;
     6    0.053              -1            1392              -2              -1;
     7    0.062              -1            1743              -2              -1;
     8    0.071               0            2072              -2               0;
     9    0.080               0            2381              -3               0;
    10    0.089               0            2670              -3               0;
    11    0.097               0            2936              -3               0;
    12    0.106               0            3174              -3               0;
    13    0.115               0            3381              -3               0;
    14    0.124               0            3552              -3               0;
    15    0.133               0            3686              -3               0;
    16    0.142               0            3782              -3               0;
    17    0.151               0            3838              -3               0;
    18    0.159               0            3856              -3               0;
    19    0.168               0            3840              -3               0;
    20    0.177               0            3794              -3               0;
    21    0.186               0            3724              -3               0;
    22    0.195               0            3634              -3               0;
    23    0.204               0            3527              -3               0;
    24    0.213               0            3410              -3               0;
    25    0.221               0            3288              -3               0;
    26    0.230               0            3164              -3               0;
    27    0.239               0            3042              -3               0;
    28    0.248               0            2925              -3               0;
    29    0.257               0            2819              -3               0;
    30    0.266               0            2727              -3               0;
    31    0.274               0            2650              -3               0;
    32    0.283               0            2590              -3               0;
    33    0.292               0            2548              -3               0;
    34    0.301               0            2522              -3               0;
    35    0.310               0            2514              -3               0;
    36    0.319               0            2520              -3               0;
    37    0.328               0            2541              -3               0;
    38    0.336               0            2569              -3               0;
    39    0.345               0            2603              -3               0;
    40    0.354               0            2642              -3               0;
    41    0.363               0            2683              -3               0;
    42    0.372               0            2724              -3               0;
    43    0.381               0            2764              -3               0;
    44    0.390               0            2801              -3               0;
    45    0.398               0            2836              -3               0;
    46    0.407               0            2866              -3               0;
    47    0.416               0            2892              -3               0;
    48    0.425               0            2911              -3               0;
    49    0.434               0            2924              -3               0;
    50    0.443               0            2931              -3               0;
    51    0.452               0            2933              -3               0;
    52    0.460               0            2929              -3               0;
    53    0.469               0            2921              -3               0;
    54    0.478               0            2912              -3               0;
    55    0.487               0            2903              -3               0;
    56    0.496               0            2897              -3               0;
    57    0.505               0            2895              -3               0;
    58    0.514               0            2895              -3               0;
    59    0.522               0            2897              -3               0;
    60    0.531               0            2898              -3               0;
    61    0.540               0            2899              -3               0;
    62    0.549               0            2899              -3               0;
    63    0.558               0            2899              -3               0;
    64    0.567               0            2899              -3               0;
    65    0.576               0            2899              -3               0;
    66    0.584               0            2899              -3               0;
    67    0.593               0            2899              -3               0;
    68    0.602               0            2899              -3               0;
    69    0.611               0            2899              -3               0;
    70    0.620               0            2899              -3               0;
    71    0.629               0            2899              -3               0;
    72    0.638               0            2899              -3               0;
    73    0.646               0            2899              -3               0;
    74    0.655               0            2899              -3               0;
    75    0.664               0            2899              -3               0;
    76    0.673               0            2899              -3               0;
    77    0.682               0            2899              -3               0;
    78    0.691               0            2899              -3               0;
    79    0.699               0            2899              -3               0;
    80    0.708               0            2899              -3               0;
    81    0.717               0            2899              -3               0;
    82    0.726               0            2899              -3               0;
    83    0.735               0            2899              -3               0;
    84    0.744               0            2899              -3               0;
    85    0.753               0            2899              -3               0;
    86    0.761               0            2899              -3               0;
    87    0.770               0            2899              -3               0;
    88    0.779               0            2899              -3               0;
    89    0.788               0            2899              -3               0;
    90    0.797               0            2899              -3               0;
    91    0.806               0            2899              -3               0;
    92    0.815               0            2899              -3               0;
    93    0.823               0            2899              -3               0;
    94    0.832               0            2899              -3               0;
    95    0.841               0            2899              -3               0;
    96    0.850               0            2899              -3               0;
    97    0.859               0            2899              -3               0;
